20	0.001124	0.001152	0.000532	0.000513	0.000526	0.0007694
40	0.003498	0.001341	0.001199	0.001167	0.001274	0.0016958
60	0.011221	0.003142	0.003347	0.004037	0.002917	0.0049328
80	0.007184	0.007535	0.009216	0.009562	0.009840	0.0086674
100	0.016903	0.024321	0.015566	0.018982	0.017382	0.0186308
120	0.029278	0.028147	0.026123	0.023648	0.022340	0.0259072
140	0.028802	0.031106	0.038682	0.027836	0.030254	0.031336
160	0.067114	0.067768	0.061759	0.052803	0.061510	0.0621908
180	0.069173	0.068215	0.070365	0.064259	0.064328	0.067268
200	0.152275	0.134135	0.127922	0.140504	0.157688	0.142505
